0: [7, 50, 49, 93, 41]
1: [9, 26, 38, 54, 53]
2: [60, 83, 12, 84, 49, 59, 21]
3: [74, 94, 50, 35, 6, 68, 56, 65, 59]
4: [46, 69, 51, 92, 20, 31, 34, 37, 74, 68]
5: [95, 17, 58]
6: [8, 90, 12, 15, 31, 69, 80, 49]
7: [26, 70]
8: [20, 89, 7, 88]
9: [79, 26, 34, 42, 6, 75, 96]
10: [50, 69]
11: [0, 73, 39, 65, 19]
12: [19, 46, 88, 87]
13: [0, 39, 95, 80]
14: [61, 87, 29, 48, 73, 39, 10]
15: [34, 11, 27, 14, 24]
16: [56, 22, 57, 84, 80, 69, 54, 25, 41, 88]
17: [41, 6, 96, 47, 48, 81, 87, 52, 8, 99]
18: [89, 40, 54]
19: [75, 61, 97, 41, 6, 31, 28, 70, 91]
20: [49, 93, 44]
21: [16, 45, 95, 97, 40, 38, 61, 50]
22: [38, 48, 60, 85, 87, 4]
23: [18, 93, 50, 25, 54]
24: [45, 36, 84, 85, 25, 76, 54, 74]
25: [51, 48, 1, 20, 50, 38, 45, 68]
26: [4, 20, 25, 57, 36, 84, 69, 80, 11, 1]
27: [40, 99, 84, 9, 56, 32, 38, 94, 88, 76]
28: [47, 22, 2, 16, 11, 98, 69]
29: [2, 73, 92, 36, 24]
30: [25, 41, 55, 61]
31: [53, 97, 36, 38]
32: [8, 42, 79, 73, 70, 81, 5, 58, 41]
33: [18, 30, 69]
34: [56, 64, 13, 75, 83, 91, 32, 51, 27]
35: [18, 94, 14, 66, 47]
36: [69, 83, 24]
37: [72, 83, 33, 67, 66, 97, 13, 88]
38: [9, 86, 88, 8, 33, 31, 6]
39: [87, 69, 11, 44]
40: [57, 53, 99, 13, 11, 46, 75, 60]
41: [79, 68, 70]
42: [49, 67, 6, 14, 79, 51]
43: [74, 53, 18, 49, 54, 36]
44: [37, 67, 51, 93, 64, 65, 58, 86]
45: [97, 67, 69]
46: [57, 91, 42, 24, 14, 2, 36, 89, 28, 95]
47: [97]
48: [33, 13, 68, 51, 24, 53, 77, 54]
49: [50]
50: [41, 73, 5, 49, 4, 84, 29, 27, 45]
51: [27, 94, 9, 14, 54, 90, 49, 11, 7, 47]
52: [47]
53: [73, 51, 38, 3, 2, 81, 61]
54: [40, 57, 89, 15, 11]
55: [88, 48, 1]
56: [55, 34, 1]
57: [56, 5, 52, 67, 32, 89, 90, 10, 85]
58: [31, 82, 39, 60, 14, 43, 41, 46, 12, 77]
59: [67, 71, 24, 7, 49, 50, 13, 43, 92, 78]
60: [21, 56, 36, 67, 80, 93, 37, 58]
61: [92, 82, 53]
62: [74, 63, 33]
63: [34, 3, 47, 13, 41, 25, 79, 50, 81]
64: [39, 65, 19, 69, 16, 23, 32]
65: [85, 84]
66: [20, 39, 16, 24]
67: [39, 75, 21, 83, 59, 86, 24]
68: [14, 86, 8, 52, 38, 62, 30, 97, 48]
69: [57, 49, 95]
70: [59, 26]
71: [92, 44, 23, 55, 40, 43]
72: [84, 54]
73: [86, 97]
74: [89, 34]
75: [93, 16, 14]
76: [80, 3, 96, 25, 43, 95, 1, 32, 58]
77: [25, 93, 20, 87, 35, 21, 19, 54, 29, 31]
78: [30, 16, 53, 77, 11, 7, 49, 80, 29, 31]
79: [16, 40, 54, 34, 96, 73]
80: [74, 15, 54, 72, 73, 7, 70]
81: [15, 87, 82, 60, 85]
82: [60, 47, 95, 32, 57, 2, 71, 44]
83: [72, 38, 31, 61, 9]
84: [27, 80, 18, 11, 9, 49, 15, 64, 29]
85: [82, 47, 15, 59]
86: [50, 16]
87: [64, 9, 88, 68, 49, 48, 90, 63, 70]
88: [42, 38, 7, 2, 30, 28]
89: [31, 66, 82, 90, 24, 0, 10, 81, 6]
90: [62]
91: [24, 66, 46, 73, 7, 21, 8]
92: [17, 34, 39, 81, 9, 46, 42, 78, 88]
93: [61, 16, 85, 45, 2, 28, 21, 64, 90]
94: [90, 68, 11, 77, 73, 54]
95: [30, 10, 3]
96: [80, 55, 71, 2, 85, 62, 86, 88, 50]
97: [73, 98, 10, 79, 2]
98: [40]
99: [82, 40, 58, 95, 18, 50, 62, 30, 38]
